0.000000000000000000e+00 0.000000000000000000e+00 0.000000000000000000e+00 0.000000000000000000e+00 0.000000000000000000e+00 8.000000000000000000e+00 8.000000000000000000e+00 1.000000000000000000e+00 -5.000000000000000000e-01
1.000000000000000056e-01 2.762135864009951239e-04 2.762135864009951239e-04 5.533337810482848521e-03 5.482010504499235624e-03 8.098895145654395833e+00 7.948895145654396366e+00 9.778666487580686129e-01 -5.219280420179969182e-01
2.000000000000000111e-01 1.106667562096569791e-03 1.096402100899847298e-03 1.108568326437248813e-02 1.088122821340044635e-02 8.195573329751614011e+00 7.895614391596400772e+00 9.556572669425100752e-01 -5.435249128536017160e-01
3.000000000000000444e-01 2.493350239275493162e-03 2.452459229081084980e-03 1.665880837161465983e-02 1.620102155772275981e-02 8.290026599042898070e+00 7.840190163083675223e+00 9.333647665135413884e-01 -5.648040862308909560e-01
4.000000000000000222e-01 4.438429236419502710e-03 4.336606412444400475e-03 2.225452820908846788e-02 2.144458294432995474e-02 8.382246283054321623e+00 7.782653574350222314e+00 9.109818871636461424e-01 -5.857783317773197496e-01
5.000000000000000000e-01 6.944255881093187865e-03 6.741375817947077229e-03 2.787470299094916421e-02 2.661493970031361678e-02 8.472222976475626055e+00 7.723034496728211629e+00 8.885011880362033709e-01 -6.064597588012543561e-01
6.000000000000000888e-01 1.001336983460933590e-02 9.659594352507124698e-03 3.352124043291845185e-02 3.171496407000361922e-02 8.559946520661561919e+00 7.661361622589971887e+00 8.659150382683262759e-01 -6.268598562800143936e-01
7.000000000000000666e-01 1.364850396767687893e-02 1.308436863194780211e-02 3.919609840669288636e-02 3.674738234404282405e-02 8.645405984129292065e+00 7.597662525472209438e+00 8.432156063732285656e-01 -6.469895293761711574e-01
8.000000000000000444e-01 1.785258951594791491e-02 1.700907082131569020e-02 4.490128788435385210e-02 4.171478319064309687e-02 8.728589641936206789e+00 7.531963716714738410e+00 8.203948484625847026e-01 -6.668591327625722487e-01
9.000000000000000222e-01 2.262876154454765074e-02 2.142732527007642010e-02 5.063887617614806769e-02 4.661962525079358516e-02 8.809484953821808517e+00 7.464290698919695544e+00 7.974444952954078403e-01 -6.864785010031742019e-01
1.000000000000000000e+00 2.798036475117752706e-02 2.633299587147440446e-02 5.641099046833662062e-02 5.146424405167702304e-02 8.888078540995289600e+00 7.394668016514103215e+00 7.743560381266536563e-01 -7.058569762067079534e-01
1.100000000000000089e+00 3.391095963821497139e-02 3.172017408041181985e-02 6.221982167104713607e-02 5.625085828574123703e-02 8.964356161447138760e+00 7.323119303678353731e+00 7.511207133158116500e-01 -7.250034331429647816e-01
1.200000000000000178e+00 4.042432908538694941e-02 3.758316752862265325e-02 6.806762858926690418e-02 6.098157549665985527e-02 9.038302683658450576e+00 7.249667329885510547e+00 7.277294856429326053e-01 -7.439263019866392268e-01
1.300000000000000044e+00 4.752448535606835361e-02 4.391648917974379923e-02 7.395674243334020292e-02 6.565839720770061394e-02 9.109902058575723771e+00 7.174334043281026752e+00 7.041730302666393548e-01 -7.626335888308022337e-01
1.400000000000000133e+00 5.521567757205499138e-02 5.071484697016278437e-02 7.988957168863414227e-02 7.028322352271156037e-02 9.179137289711777115e+00 7.097140612119350322e+00 6.804417132454636530e-01 -7.811328940908460750e-01
1.500000000000000000e+00 6.350239969379517513e-02 5.797313388428611269e-02 8.586860736746720901e-02 7.485785722495419403e-02 9.245990401224815969e+00 7.018107464462857159e+00 6.565255705301313860e-01 -7.994314288998166651e-01
1.600000000000000089e+00 7.238939904554843319e-02 6.568641841515361623e-02 9.189642867000713533e-02 7.938400739428064234e-02 9.310442403817804191e+00 6.937254326339386878e+00 6.324142853199716807e-01 -8.175360295771224584e-01
1.700000000000000178e+00 8.188168542779661330e-02 7.384993536314223006e-02 9.797570908469470374e-02 8.386329255859861775e-02 9.372473258288811948e+00 6.854600258547432823e+00 6.080971636612213516e-01 -8.354531702343943600e-01
1.800000000000000044e+00 9.198454086248737671e-02 8.245907692687332036e-02 1.041092229628970273e-01 8.829724339112160481e-02 9.432061836550049705e+00 6.770163692292508806e+00 5.835631081484120575e-01 -8.531889735644863082e-01
1.900000000000000133e+00 1.027035300203760076e-01 9.150938404136654825e-02 1.102998526070002039e-01 9.268730496049447376e-02 9.489185879918494493e+00 6.683962463834536294e+00 5.588005895719994065e-01 -8.707492198419778395e-01
2.000000000000000000e+00 1.140445113838874092e-01 1.009965379189722290e-01 1.165505959160867133e-01 9.703483853644503943e-02 9.543821954464448254e+00 6.596013848324113304e+00 5.337976163356533688e-01 -8.881393541457801577e-01
2.100000000000000089e+00 1.260136492035933420e-01 1.109163517486555645e-01 1.228645746387830723e-01 1.013411229490677329e-01 9.595945403185623945e+00 6.506334593005379752e+00 5.085417014448679884e-01 -9.053644917962709870e-01
2.200000000000000178e+00 1.386174263116440042e-01 1.212647625087857894e-01 1.292450432888947454e-01 1.056073554951191679e-01 9.645530294753420719e+00 6.414940949964859307e+00 4.830198268444212406e-01 -9.224294219804767270e-01
2.300000000000000266e+00 1.518626578613722911e-01 1.320378228476794258e-01 1.356953987861641009e-01 1.098346523797127938e-01 9.692549368554507438e+00 6.321848708609285161e+00 4.572184048553438185e-01 -9.393386095188511753e-01
2.400000000000000355e+00 1.657565060688768466e-01 1.432316929847283760e-01 1.422191908920033832e-01 1.140240486764489830e-01 9.736973975724488639e+00 6.227073228061089871e+00 4.311232364319866339e-01 -9.560961947057959875e-01
2.500000000000000000e+00 1.803064960397729732e-01 1.548426325829692363e-01 1.488201335184957119e-01 1.181764977832043678e-01 9.778774015840903999e+00 6.130629469668126497e+00 4.047194659260173744e-01 -9.727059911328175268e-01
2.600000000000000089e+00 1.955205327725760001e-01 1.668669925413692745e-01 1.555021169984659168e-01 1.222928703444116361e-01 9.817917868909692203e+00 6.032532029834526632e+00 3.779915320061365547e-01 -9.891714813776465443e-01
2.700000000000000178e+00 2.114069194394661566e-01 1.793012066518515635e-01 1.622692214151713330e-01 1.263739526035535521e-01 9.854372322242131332e+00 5.932795173392597654e+00 3.509231143393148900e-01 -1.005495810414214208e+00
2.800000000000000266e+00 2.279743770556102445e-01 1.921417830620799627e-01 1.691257311023420806e-01 1.304204441416145221e-01 9.888102491777555514e+00 5.831432867751684235e+00 3.234970755906319551e-01 -1.021681776566458089e+00
2.900000000000000355e+00 2.452320656599345505e-01 2.053852954801744790e-01 1.760761504391422372e-01 1.344329549481947939e-01 9.919071737360258822e+00 5.728458818079306347e+00 2.956953982434313288e-01 -1.037731819792779175e+00
3.000000000000000000e+00 2.631896071434386974e-01 2.190283740517189326e-01 1.831252210803925862e-01 1.384120017616777831e-01 9.947241571426243212e+00 5.623886503793127822e+00 2.674991156784298774e-01 -1.053648007046711133e+00
3.100000000000000089e+00 2.818571098760130900e-01 2.330676958325100245e-01 1.902779407804052747e-01 1.423580036029912510e-01 9.972571560495945064e+00 5.517729216669962966e+00 2.388882368783790955e-01 -1.069432014411965115e+00
3.200000000000000178e+00 3.012451952995197080e-01 2.474999747723171661e-01 1.975395839894008299e-01 1.462712764138057175e-01 9.995019218801918015e+00 5.410000100910734133e+00 2.098416640423969026e-01 -1.085085105655223092e+00
3.300000000000000266e+00 3.213650266738932171e-01 2.623219511152711791e-01 2.049157244251421373e-01 1.501520266940970516e-01 1.001453989330442518e+01 5.300712195538918259e+00 1.803371022994316453e-01 -1.100608106776388428e+00
3.400000000000000355e+00 3.422283401845481188e-01 2.775303801111365654e-01 2.124122598496447356e-01 1.540003440154129044e-01 1.003108663926180633e+01 5.189878479555456892e+00 1.503509606014212241e-01 -1.116001376061651840e+00
3.500000000000000000e+00 3.638474786438221642e-01 2.931220199183537378e-01 2.200354393122188057e-01 1.578161922643779580e-01 1.004461008542470957e+01 5.077511920326588601e+00 1.198582427511249854e-01 -1.131264769057512165e+00
3.600000000000000089e+00 3.862354280469919021e-01 3.090936185640121292e-01 2.277918931563960581e-01 1.615993994452854521e-01 1.005505828781203093e+01 4.963625525743954547e+00 8.883242737441601755e-02 -1.146397597781142030e+00
3.700000000000000178e+00 4.094058572751013703e-01 3.254418998074107838e-01 2.356886661303628783e-01 1.653496458402375080e-01 1.006237657089959292e+01 4.848232400770359440e+00 5.724533547854874366e-02 -1.161398583360950365e+00
3.800000000000000266e+00 4.333731612730645222e-01 3.421635477320596475e-01 2.437332539894031813e-01 1.690664502892161025e-01 1.006650735490774196e+01 4.731345809071764386e+00 2.506698404238757311e-02 -1.176265801156864743e+00
3.900000000000000355e+00 4.581525080729820787e-01 3.592551898652540099e-01 2.519336440358026508e-01 1.727491543094566706e-01 1.006738996770807049e+01 4.612979240538987113e+00 -7.734576143210276922e-03 -1.190996617237827016e+00
4.000000000000000000e+00 4.837598900802250745e-01 3.767133785939509871e-01 2.602983601081900189e-01 1.763969037220346481e-01 1.006496043967909948e+01 4.493146485624198938e+00 -4.119344043275966621e-02 -1.205587614888138814e+00
4.100000000000000533e+00 5.102121800946201047e-01 3.945345706096609617e-01 2.688365126102144065e-01 1.800086273917655411e-01 1.005915127962151878e+01 4.371861717561358773e+00 -7.534605044085720960e-02 -1.220034509567062386e+00
4.200000000000000178e+00 5.375271926022680002e-01 4.127151040723041064e-01 2.775578542599944076e-01 1.835830126119985251e-01 1.004989122959092818e+01 4.249139583710786816e+00 -1.102314170399773113e-01 -1.234332050447994433e+00
4.299999999999999822e+00 5.657237509466189751e-01 4.312511731320606834e-01 2.864728423496141207e-01 1.871184765756871704e-01 1.003710499621352348e+01 4.124995307471760242e+00 -1.458913693984560944e-01 -1.248473906302749015e+00
4.400000000000000355e+00 5.948217610721907578e-01 4.501387993874415572e-01 2.955927084313706432e-01 1.906131332645192022e-01 1.002071295571123599e+01 3.999444802450236924e+00 -1.823708337254822121e-01 -1.262452533058077142e+00
4.500000000000000000e+00 6.248422926328930371e-01 4.693737997849645738e-01 3.049295364985203372e-01 1.940647549541600347e-01 1.000063082946842563e+01 3.872504800860145036e+00 -2.197181459940809878e-01 -1.276259019816640361e+00
4.600000000000000533e+00 6.558076683718948585e-01 4.889517503782735974e-01 3.144963509078688713e-01 1.974707273698145804e-01 9.976769326512419767e+00 3.744192998486908674e+00 -2.579854036314750410e-01 -1.289882909479258544e+00
4.700000000000000178e+00 6.877415628144668558e-01 5.088679452589275343e-01 3.243072155058058237e-01 2.008279973246784034e-01 9.949033748742131422e+00 3.614528218964292883e+00 -2.972288620232229062e-01 -1.303311989298713724e+00
4.800000000000000711e+00 7.206691114730560122e-01 5.291173498432093503e-01 3.343773456758410423e-01 2.041330114245953620e-01 9.917323554107776218e+00 3.483530600627165796e+00 -3.375093827033637250e-01 -1.316532045698381559e+00
4.900000000000000355e+00 7.546170319496351420e-01 5.496945475438466122e-01 3.447232353337320587e-01 2.073816441126692667e-01 9.881531872201460232e+00 3.351221809824616926e+00 -3.788929413349277353e-01 -1.329526576450677178e+00
5.000000000000000000e+00 7.896137585398024239e-01 5.705936786657431758e-01 3.553628012675886794e-01 2.105691129412070595e-01 9.841544965840791193e+00 3.217625285337030849e+00 -4.214512050703541624e-01 -1.342276451764828238e+00
5.100000000000000533e+00 8.256895922031528556e-01 5.918083701320879797e-01 3.663155476695172941e-01 2.136898784736795398e-01 9.797241631187389999e+00 3.082766519471651367e+00 -4.652621906780687322e-01 -1.354759513894718159e+00
5.200000000000000178e+00 8.628768680737058938e-01 6.133316543604790949e-01 3.776027542507873758e-01 2.167375256080921464e-01 9.748492527705177935e+00 2.946673382558087084e+00 -5.104110170031489480e-01 -1.366950102432368475e+00
5.300000000000000711e+00 9.012101430533102642e-01 6.351558752537064256e-01 3.892476919972948091e-01 2.197046223378712193e-01 9.695159427786759210e+00 2.809376498985177495e+00 -5.569907679891785701e-01 -1.378818489351484766e+00
5.400000000000000355e+00 9.407264064731648556e-01 6.572725788280533443e-01 4.012758714355165734e-01 2.225825509773114996e-01 9.637094374107340045e+00 2.670909684687789998e+00 -6.051034857420656277e-01 -1.390330203909245776e+00
5.500000000000000000e+00 9.814653173404136455e-01 6.796723854491687478e-01 4.137153292782992930e-01 2.253613056090620625e-01 9.574138730638345862e+00 2.531310458203328562e+00 -6.548613171131965061e-01 -1.401445222436248139e+00
5.600000000000000533e+00 1.023469472328824903e+00 7.023448399498657402e-01 4.265969605519125962e-01 2.280292478709197157e-01 9.506122110684701809e+00 2.390620640200540770e+00 -7.063878422076497188e-01 -1.412116991483678863e+00
5.700000000000000178e+00 1.066784709450796287e+00 7.252782350233527575e-01 4.399549048310385513e-01 2.305728110656733443e-01 9.432861162196815030e+00 2.248887059906592878e+00 -7.598196193241535390e-01 -1.422291244262693377e+00
5.800000000000000711e+00 1.111460453295032735e+00 7.484594021630004423e-01 4.538269971037067196e-01 2.329761397825598213e-01 9.354158186819869769e+00 2.106162391348002316e+00 -8.153079884148262124e-01 -1.431904559130239285e+00
5.900000000000000355e+00 1.157550108871537642e+00 7.718734629798646996e-01 4.682552961520434764e-01 2.352206485290668780e-01 9.269799564513849788e+00 1.962506148080545243e+00 -8.730211846081732396e-01 -1.440882594116267512e+00
6.000000000000000000e+00 1.205111512525441242e+00 7.955035318688137291e-01 4.832867062929338542e-01 2.372844779619758537e-01 9.179553949898235032e+00 1.817985872524748636e+00 -9.331468251717346396e-01 -1.449137911847903526e+00
6.100000000000000533e+00 1.254207450130124357e+00 8.193303585722597759e-01 4.989737120358285760e-01 2.391418207179527577e-01 9.083170199479503992e+00 1.672678565710964405e+00 -9.958948481433134159e-01 -1.456567282871811253e+00
6.200000000000000178e+00 1.304906254932606924e+00 8.433318960124043251e-01 5.153752498866521758e-01 2.407620799234369280e-01 8.980374980269573371e+00 1.526672415950386164e+00 -1.061500999546607815e+00 -1.463048319693748045e+00
6.300000000000000711e+00 1.357282500107454659e+00 8.674827745569472226e-01 5.325577474128883049e-01 2.421088112709955664e-01 8.870869999570182074e+00 1.380068901772214751e+00 -1.130230989651552331e+00 -1.468435245083982599e+00
6.400000000000000355e+00 1.411417804415184385e+00 8.917536582666034661e-01 5.505963671009729277e-01 2.431383827167998002e-01 8.754328782339264592e+00 1.232985366933589733e+00 -1.202385468403890822e+00 -1.472553530867199534e+00
6.500000000000000000e+00 1.467401773527649222e+00 9.161104511003071993e-01 5.695765018600121854e-01 2.437982623675042648e-01 8.630392905889406663e+00 1.085558195598774756e+00 -1.278306007440047853e+00 -1.475193049470017392e+00
6.600000000000000533e+00 1.525333104787186755e+00 9.405133107401042469e-01 5.895955806793456988e-01 2.440248119827404250e-01 8.498667580851256176e+00 9.379467570395862985e-01 -1.358382322717381907e+00 -1.476099247930962033e+00
6.700000000000000178e+00 1.585320889663518251e+00 9.649154134968551677e-01 6.107652573499903204e-01 2.437404161889090148e-01 8.358716441345931614e+00 7.903383460125824600e-01 -1.443061029399960615e+00 -1.474961664755636281e+00
6.800000000000000711e+00 1.647486156257184753e+00 9.892613939778860388e-01 6.332140725884862764e-01 2.428497090426578187e-01 8.210055374971265252e+00 6.429544240884590423e-01 -1.532856290353944440e+00 -1.471398836170631608e+00
6.900000000000000355e+00 1.711963704181215462e+00 1.013485355305386859e+00 6.570907001755751375e-01 2.412345592254087068e-01 8.052145183275142060e+00 4.960585787784560496e-01 -1.628362800702299884e+00 -1.464938236901635271e+00
7.000000000000000000e+00 1.778904296292299847e+00 1.037508305822967936e+00 6.825679095038723609e-01 2.387473259168942097e-01 7.884382814830805053e+00 3.499667767081319769e-01 -1.730271638015488778e+00 -1.454989303667577394e+00
7.100000000000000533e+00 1.848477286081990023e+00 1.061234820488765829e+00 7.098473962079960842e-01 2.352016721215212658e-01 7.706090855672044881e+00 2.050607180449406097e-01 -1.839389584831983671e+00 -1.440806688486085729e+00
7.200000000000000178e+00 1.920873775533899153e+00 1.084548640247272155e+00 7.391656393795003055e-01 2.303598767630088973e-01 7.516504897864408896e+00 6.180543901091484216e-02 -1.956662557518000334e+00 -1.421439507052036255e+00
7.300000000000000711e+00 1.996310413957889995e+00 1.107306795841367597e+00 7.708009152995054514e-01 2.239150483826537474e-01 7.314758344168445170e+00 -7.922718336546664963e-02 -2.083203661198020917e+00 -1.395660193530615656e+00
7.400000000000000355e+00 2.075033958593800243e+00 1.129331649923803083e+00 8.050814822645530056e-01 2.154657898686209994e-01 7.099864165624803825e+00 -2.173265996952082890e-01 -2.220325929058211134e+00 -1.361863159474484775e+00
7.500000000000000000e+00 2.157326710410800708e+00 1.150399953815091969e+00 8.423946348001032369e-01 2.044794888588252479e-01 6.870693158356802499e+00 -3.515998152603635463e-01 -2.369578539200412060e+00 -1.317917955435301769e+00
7.600000000000000533e+00 2.243512885553820890e+00 1.170227547695568360e+00 8.831955537485156604e-01 1.902381603748419803e-01 6.625948457784722301e+00 -4.809101907822685984e-01 -2.532782214994061754e+00 -1.260952641499368809e+00
7.700000000000000178e+00 2.333965821160504106e+00 1.188447585890060498e+00 9.280130763074780909e-01 1.717570495789198792e-01 6.364136715357990859e+00 -6.037903435602373081e-01 -2.712052305229911475e+00 -1.187028198315680516e+00
7.800000000000000711e+00 2.429115500815316686e+00 1.204578957611352363e+00 9.774453551164080656e-01 1.476600282691264698e-01 6.083537996738740183e+00 -7.183158304454047016e-01 -2.909781420465631374e+00 -1.090640113076506879e+00
7.900000000000000355e+00 2.529454892183785830e+00 1.217979591543885798e+00 1.032128768929383211e+00 1.159857065283929900e-01 5.782180431264865028e+00 -8.219183661755385950e-01 -3.128515075717531957e+00 -9.639428261135729592e-01
8.000000000000000000e+00 2.635541254601193373e+00 1.227776098917030767e+00 1.092641000118284467e+00 7.388253089543124486e-02 5.457834981595234503e+00 -9.111043956681191824e-01 -3.370564000473137423e+00 -7.955301235817260341e-01
8.099999999999999645e+00 2.747983092207442635e+00 1.232756097722971900e+00 1.159246199296285473e+00 1.713117714902583077e-02 5.108067631170237100e+00 -9.810243908918837574e-01 -3.636984797185141893e+00 -5.685247085961043778e-01
8.200000000000001066e+00 2.867390494460450689e+00 1.231202334346835903e+00 1.231265428489488389e+00 -6.057365387637785037e-02 4.730438022158205413e+00 -1.024809337387340147e+00 -3.925061713957953557e+00 -2.577053844944896532e-01
8.300000000000000711e+00 2.994236177905340579e+00 1.220641366947696316e+00 1.305575683283646926e+00 -1.685501022505078161e-01 4.323055288378646388e+00 -1.032565467790781621e+00 -4.222302733134587704e+00 1.742004090020302098e-01
8.400000000000000355e+00 3.128505631117180386e+00 1.197492313896734384e+00 1.373225533286512201e+00 -3.196593413051839194e-01 3.885977475531287695e+00 -9.899692555869339383e-01 -4.492902133146048804e+00 7.786373652207347895e-01
8.500000000000000000e+00 3.268881284562643152e+00 1.156709498686659732e+00 1.412927099545253196e+00 -5.276838684521970579e-01 3.424474861749436272e+00 -8.768379947466347080e-01 -4.651708398181012782e+00 1.610735473808787344e+00
8.599999999999999645e+00 3.411091051026231113e+00 1.091955540206295039e+00 1.384183195065471494e+00 -7.940326537599495804e-01 2.955635795895084961e+00 -6.678221608251765362e-01 -4.536732780261885978e+00 2.676130615039797433e+00
8.700000000000001066e+00 3.545717923575737451e+00 9.979029679346698156e-01 1.239505886796548051e+00 -1.079561159470178611e+00 2.517128305697059254e+00 -3.416118717386752435e-01 -3.958023547186191760e+00 3.818244637880713555e+00
8.800000000000000711e+00 3.658992228385540724e+00 8.760433083122594056e-01 9.768644614786650138e-01 -1.299949247035349087e+00 2.164031086457846698e+00 9.582676675096621355e-02 -2.907457845914660055e+00 4.699796988141395460e+00
8.900000000000000355e+00 3.741090815871470632e+00 7.379131185275999982e-01 6.689605572448198423e-01 -1.393053791063616487e+00 1.935636736514127154e+00 5.983475258896039373e-01 -1.675842228979279369e+00 5.072215164254465058e+00
9.000000000000000000e+00 3.792784339834504692e+00 5.974325500995361082e-01 3.995131368469316824e-01 -1.374143347667322823e+00 1.828862640661991001e+00 1.110269799601859342e+00 -5.980525473877267295e-01 4.996573390669290404e+00
9.099999999999999645e+00 3.820993443240856990e+00 4.630844489941354225e-01 2.000966738187826000e-01 -1.297081760024026753e+00 1.816026227036582119e+00 1.597662204023462040e+00 1.996133047248696002e-01 4.688327040096106124e+00
9.200000000000001066e+00 3.832803674598260990e+00 3.380161980947308242e-01 6.249184339416183342e-02 -1.202266770426157816e+00 1.868785301606965099e+00 2.047935207621080611e+00 7.500326264233526663e-01 4.309067081704630375e+00
9.300000000000000711e+00 3.833491811919689241e+00 2.226310949089038704e-01 -3.085779178947675727e-02 -1.108647018308398513e+00 1.966032752321252852e+00 2.459475620364388160e+00 1.123431167157907140e+00 3.934588073233592720e+00
9.400000000000000355e+00 3.826632116240365811e+00 1.162867944330511077e-01 -9.445565949221286506e-02 -1.022882083027562450e+00 2.093471535038546438e+00 2.834852822267798889e+00 1.377822637968851627e+00 3.591528332110248467e+00
9.500000000000000000e+00 3.814600680021246859e+00 1.805467830339137561e-02 -1.382004802729898119e-01 -9.463929215854101074e-01 2.241597279915023222e+00 3.177781286786437676e+00 1.552801921091959469e+00 3.285571686341639097e+00
9.600000000000001421e+00 3.798992020185767871e+00 -7.299178988403093316e-02 -1.685191394089864958e-01 -8.786920896218097798e-01 2.404031919256938821e+00 3.491967159536126797e+00 1.674076557635946205e+00 3.014768358487237787e+00
9.700000000000001066e+00 3.780896852139449482e+00 -1.576837396209705977e-01 -1.895726965892814420e-01 -8.187305270228442122e-01 2.576412591442212463e+00 3.780734958483884967e+00 1.758290786357125990e+00 2.774922108091375517e+00
9.800000000000000711e+00 3.761077480867911937e+00 -2.367378952885997867e-01 -2.040946162873029657e-01 -7.653993692732542486e-01 2.755690076528364063e+00 4.046951581154401900e+00 1.816378465149212085e+00 2.561597477093015662e+00
9.900000000000000355e+00 3.740077928881989422e+00 -3.107636134756214252e-01 -2.139176216996363511e-01 -7.176973656093722509e-01 2.939688284472055102e+00 4.293054453902488632e+00 1.855670486798545626e+00 2.370789462437487671e+00
1.000000000000000000e+01 3.718293956527984889e+00 -3.802773684104742147e-01 -2.202974163821062592e-01 -6.747711608846581610e-01 3.126824173888073322e+00 4.521109473641899079e+00 1.881189665528425259e+00 2.199084643538631312e+00
1.010000000000000142e+01 3.696018445605568026e+00 -4.457178456525530685e-01 -2.241125617185758534e-01 -6.359100799565503559e-01 3.315926217577740420e+00 4.732871382610214006e+00 1.896450246874303636e+00 2.043640319826200091e+00
1.020000000000000107e+01 3.673471444184269519e+00 -5.074593844017842859e-01 -2.259898287752491186e-01 -6.005270446777122295e-01 3.506114223262934093e+00 4.929837537607139275e+00 1.903959315100996808e+00 1.902108178710847808e+00
1.030000000000000071e+01 3.650820479850517941e+00 -5.658232545880954589e-01 -2.263843652373204451e-01 -5.681374798849181396e-01 3.696718080597940048e+00 5.113293018352384145e+00 1.905537460949282114e+00 1.772549919539671226e+00
1.040000000000000036e+01 3.628194571136805102e+00 -6.210868803787679138e-01 -2.256320292775622627e-01 -5.383402694857829518e-01 3.887221715452790605e+00 5.284347521515074142e+00 1.902528117110249495e+00 1.653361077943130697e+00
1.050000000000000000e+01 3.605694073995005411e+00 -6.734913084852520715e-01 -2.239842495895841001e-01 -5.108018016327542377e-01 4.077223704019989903e+00 5.443965233941010951e+00 1.895936998358336956e+00 1.543207206531015840e+00
1.060000000000000142e+01 3.583397721218888332e+00 -7.232472407053187613e-01 -2.216316955382321707e-01 -4.852430314643664255e-01 4.266409115124458751e+00 5.592988962821277887e+00 1.886526782152929238e+00 1.440972125857464592e+00
1.070000000000000107e+01 3.561367734887358694e+00 -7.705399147781253344e-01 -2.187206403736160765e-01 -4.614291399520246695e-01 4.454529060450576061e+00 5.732159659112504357e+00 1.874882561494464861e+00 1.345716559808097568e+00
1.080000000000000071e+01 3.539653593144164834e+00 -8.155330686957236175e-01 -2.153644631535906184e-01 -4.391613104522334998e-01 4.641385627423352034e+00 5.862132274782896779e+00 1.861457852614363029e+00 1.256645241808932889e+00
1.090000000000000036e+01 3.518294842256640464e+00 -8.583721768685720344e-01 -2.116518590360864371e-01 -4.182701906963735561e-01 4.826820630973449155e+00 5.983488707474290180e+00 1.846607436144346304e+00 1.173080762785493114e+00
1.100000000000000000e+01 3.497323221336947174e+00 -8.991871068349983620e-01 -2.076527837824287126e-01 -3.986106814437361257e-01 5.010707114652221961e+00 6.096748427339995224e+00 1.830611135129715406e+00 1.094442725774943392e+00
1.110000000000000142e+01 3.476764285500154372e+00 -9.380943131573192817e-01 -2.034228145086483530e-01 -3.800577653691792346e-01 5.192942857999393702e+00 6.202377252629278637e+00 1.813691258034593856e+00 1.020231061476715828e+00
1.120000000000000107e+01 3.456638658435217781e+00 -9.751986599088342533e-01 -1.990063875245497993e-01 -3.625031517524148761e-01 5.373445366259141487e+00 6.300794639635338257e+00 1.796025550098199641e+00 9.500126070096582831e-01
1.130000000000000071e+01 3.436963007995244457e+00 -1.010594943507802324e+00 -1.944392293903839664e-01 -3.458525625942118209e-01 5.552147968019034430e+00 6.392379774031209827e+00 1.777756917561536198e+00 8.834102503768459513e-01
1.140000000000000036e+01 3.417750812557140527e+00 -1.044369172427676684e+00 -1.897502011436195402e-01 -3.300235250518223640e-01 5.728996749771448904e+00 6.477476689710707447e+00 1.759000804574478494e+00 8.200941002072881236e-01
1.150000000000000000e+01 3.399012967766520621e+00 -1.076599648518166807e+00 -1.849627107691838024e-01 -3.149435654507150018e-01 5.903948128933929951e+00 6.556398594072668118e+00 1.739850843076735654e+00 7.597742618028587858e-01
1.160000000000000142e+01 3.380758270403303900e+00 -1.107357885517819662e+00 -1.800958046045747218e-01 -3.005487234602761126e-01 6.076966918386796479e+00 6.629431542071278827e+00 1.720383218418299442e+00 7.021948938411031182e-01
1.170000000000000107e+01 3.362993806845605338e+00 -1.136709393210222130e+00 -1.751650176097477862e-01 -2.867823229138752317e-01 6.248024772617590372e+00 6.696837572840887987e+00 1.700660070438991811e+00 6.471292916554995944e-01
1.180000000000000071e+01 3.345725266881354187e+00 -1.164714350100594764e+00 -1.701830408463348432e-01 -2.735939494885020196e-01 6.417098932474595507e+00 6.758857400402378701e+00 1.680732163385340039e+00 5.943757979540067460e-01
1.190000000000000036e+01 3.328957198676338436e+00 -1.191428183107922534e+00 -1.651602491880478363e-01 -2.609385960299741569e-01 6.584171205294659046e+00 6.815712732431689957e+00 1.660640996752192011e+00 5.437543841198954064e-01
1.200000000000000000e+01 3.312693217043744198e+00 -1.216902069306589507e+00 -1.601051212881480501e-01 -2.487759444754599758e-01 6.749227131825034753e+00 6.867608277226358027e+00 1.640420485152592978e+00 4.951037779018386820e-01
1.210000000000000142e+01 3.296936174418708010e+00 -1.241183372003014318e+00 -1.550245758577636079e-01 -2.370697596604688373e-01 6.912255302325178263e+00 6.914733488012057450e+00 1.620098303431055209e+00 4.482790386418741835e-01
1.220000000000000107e+01 3.281688301872190738e+00 -1.264316021238683252e+00 -1.499242424731473677e-01 -2.257873752362042907e-01 7.073246792511246106e+00 6.957264084954733363e+00 1.599696969892590248e+00 4.031495009448160527e-01
1.230000000000000071e+01 3.266951325924078109e+00 -1.286340847050255087e+00 -1.448086808192304842e-01 -2.148992557923147528e-01 7.232194696303697157e+00 6.995363388201020882e+00 1.579234723276922603e+00 3.595970231692579011e-01
1.240000000000000036e+01 3.252726565708344619e+00 -1.307295872397146175e+00 -1.396815590651799832e-01 -2.043786223266532975e-01 7.389093737166630760e+00 7.029183489588584521e+00 1.558726236260720599e+00 3.175144893066120799e-01
1.250000000000000000e+01 3.239015014111041868e+00 -1.327216571515585919e+00 -1.345457996554604574e-01 -1.942011306147583549e-01 7.543939943555840522e+00 7.058866286062343676e+00 1.538183198621842385e+00 2.768045224590322539e-01
1.260000000000000142e+01 3.225817405777251956e+00 -1.346136098520097857e+00 -1.294036989742331500e-01 -1.843445939495830521e-01 7.696730376890998926e+00 7.084544394080391605e+00 1.517614795896933266e+00 2.373783757983310427e-01
1.270000000000000107e+01 3.213134274316194805e+00 -1.364085490305502635e+00 -1.242570259491452139e-01 -1.747887432550394859e-01 7.847462902735226287e+00 7.106341961222010006e+00 1.497028103796581577e+00 1.991549730201567781e-01
1.280000000000000071e+01 3.200966000587422755e+00 -1.381093847171105837e+00 -1.191071035922458971e-01 -1.655150188083502893e-01 7.996135997650314131e+00 7.124375388684422994e+00 1.476428414368984310e+00 1.620600752334000472e-01
1.290000000000000036e+01 3.189312853597745523e+00 -1.397188494067172604e+00 -1.139548766503870741e-01 -1.565063888000516601e-01 8.142748585609023593e+00 7.138753976268689350e+00 1.455819506601549129e+00 1.260255552002055301e-01
1.300000000000000000e+01 3.178175025257345077e+00 -1.412395124931115964e+00 -1.088009678958205689e-01 -1.477471907663061579e-01 8.287299898970625023e+00 7.149580499724462967e+00 1.435203871583283108e+00 9.098876306522353519e-02
1.310000000000000142e+01 3.167552660018581268e+00 -1.426737932220433658e+00 -1.036457250859528362e-01 -1.392229925844670479e-01 8.429789359925681680e+00 7.156951728881733921e+00 1.414582900343812177e+00 5.689197033786713015e-02
1.320000000000000107e+01 3.157445880240154601e+00 -1.440239723448009324e+00 -9.848926022665485669e-02 -1.309204702596556413e-01 8.570216479039387991e+00 7.160958893792036761e+00 1.393957040906620204e+00 2.368188103862154531e-02
1.330000000000000071e+01 3.147854807973250235e+00 -1.452922026272364775e+00 -9.333148246158977368e-02 -1.228273001710631085e-01 8.708580768107005099e+00 7.161688105089457856e+00 1.373325929846359816e+00 -8.690799315748586051e-03
1.340000000000000036e+01 3.138779583747836277e+00 -1.464805183482221995e+00 -8.817212566214885361e-02 -1.149320638103618064e-01 8.844881665008660576e+00 7.159220733928886915e+00 1.352688502648596192e+00 -4.027174475855381519e-02
1.350000000000000000e+01 3.130220382840820381e+00 -1.475908439034437247e+00 -8.301077159465626576e-02 -1.072241633457315380e-01 8.979118468636723804e+00 7.153633756137747213e+00 1.332043086378625896e+00 -7.110334661707490289e-02
1.360000000000000142e+01 3.122177429428905082e+00 -1.486250016151368314e+00 -7.784686938271132006e-02 -9.969374659528068561e-02 9.111290282284384645e+00 7.145000064605471657e+00 1.311387477530846057e+00 -1.012250136188783123e-01
1.370000000000000107e+01 3.114651008964278045e+00 -1.495847188353493173e+00 -7.267975185457016540e-02 -9.233164020242173864e-02 9.241395964142892439e+00 7.133388753413971273e+00 1.290719007418281494e+00 -1.306734391903141002e-01
1.380000000000000071e+01 3.107641479057991152e+00 -1.504716344191852517e+00 -6.750864926189556470e-02 -8.512928998054473950e-02 9.369434083768039656e+00 7.118865376767408826e+00 1.270034597047583036e+00 -1.594828400778220967e-01
1.390000000000000036e+01 3.101149279111898860e+00 -1.512873046349602069e+00 -6.233270077202232584e-02 -7.807870754115971146e-02 9.495402883552408468e+00 7.101492185398406320e+00 1.249330803088090081e+00 -1.876851698353622089e-01
1.400000000000000000e+01 3.095174938903586526e+00 -1.520332085700084601e+00 -5.715096406718654654e-02 -7.117242244343310875e-02 9.619300244385657450e+00 7.081328342800335740e+00 1.228603856268746908e+00 -2.153103102262686475e-01
1.410000000000000142e+01 3.089719086298461814e+00 -1.527107530838288874e+00 -5.196242332788038321e-02 -6.440343920768649977e-02 9.741123654806157717e+00 7.058430123353153007e+00 1.207849693311522365e+00 -2.423862431692551112e-01
1.420000000000000107e+01 3.084782454238010452e+00 -1.533212773541622109e+00 -4.676599583119666476e-02 -5.776519862418672685e-02 9.860870183047962811e+00 7.032851094166485240e+00 1.187063983324787575e+00 -2.689392055032542306e-01
1.430000000000000071e+01 3.080365887132222369e+00 -1.538660570563126440e+00 -4.156053735679988981e-02 -5.125154286407523907e-02 9.978536451471116564e+00 7.004642282252502739e+00 1.166242149427200392e+00 -2.949938285437001539e-01
1.440000000000000036e+01 3.076470346766650543e+00 -1.543463082114437057e+00 -3.634484656147372872e-02 -4.485668396372662070e-02 1.009411861293340351e+01 6.973852328457745386e+00 1.145379386245895637e+00 -3.205732641450946274e-01
1.450000000000000000e+01 3.073096917819927221e+00 -1.547631907355871750e+00 -3.111766845682758034e-02 -3.857517530897559832e-02 1.020761232872029645e+01 6.940527629423483447e+00 1.124470673827311140e+00 -3.456992987640987169e-01
1.460000000000000142e+01 3.070246813075284908e+00 -1.551178117176232218e+00 -2.587769710271588947e-02 -3.240188579298202559e-02 1.031901274769886712e+01 6.904712468704925499e+00 1.103510788410864363e+00 -3.703924568280730356e-01
1.470000000000000107e+01 3.067921378399384391e+00 -1.554112284514468145e+00 -2.062357761044272819e-02 -2.633197636223563384e-02 1.042831448640246883e+01 6.866449138057868495e+00 1.082494310441771690e+00 -3.946720945510586165e-01
1.480000000000000071e+01 3.066122097553196202e+00 -1.556444512448679429e+00 -1.535390753425102360e-02 -2.036087870035244163e-02 1.053551160978722123e+01 6.825778049794713809e+00 1.061415630137004795e+00 -4.185564851985913992e-01
1.490000000000000036e+01 3.064850596892533918e+00 -1.558184460254538495e+00 -1.006723771641062151e-02 -1.448427582973007242e-02 1.064059761242987001e+01 6.782737841018150249e+00 1.040268950865643083e+00 -4.420628966810808969e-01
1.500000000000000000e+01 3.064108650009913948e+00 -1.559341367614625273e+00 -4.762072639998008589e-03 -8.698084437518904810e-03 1.074356539996034954e+01 6.737365470458497541e+00 1.019048290559992687e+00 -4.652076622499255465e-01
1.510000000000000142e+01 3.063898182364534151e+00 -1.559924077142042398e+00 5.631296661450469962e-04 -2.998438755325026454e-03 1.084440727054187015e+01 6.689696308568165328e+00 9.977474813354204608e-01 -4.880062449787010426e-01
1.520000000000000107e+01 3.064221275943143308e+00 -1.559941055365690499e+00 5.909958134062586431e-03 2.618324157909157103e-03 1.094311489622743494e+01 6.639764221462757021e+00 9.763601674637503169e-01 -5.104732966316377629e-01
1.530000000000000071e+01 3.065080173991347134e+00 -1.559400412310460782e+00 1.128004954591729433e-02 8.155677862876797857e-03 1.103967930403461928e+01 6.587601649241837443e+00 9.548798018163314749e-01 -5.326227114515083016e-01
1.540000000000000036e+01 3.066477285852327039e+00 -1.558309919793115172e+00 1.667508978306503353e-02 1.361691883438412992e-02 1.113409085659070108e+01 6.533239679172455183e+00 9.332996408677405320e-01 -5.544676753375376022e-01
1.550000000000000000e+01 3.068415191947960086e+00 -1.556677028543583807e+00 2.209681541778876421e-02 1.900517770745174112e-02 1.122633923220816854e+01 6.476708114174329900e+00 9.116127383288455954e-01 -5.760207108298081025e-01
1.560000000000000142e+01 3.070896648935884432e+00 -1.554508884251624812e+00 2.754701563547626991e-02 2.432342956720407595e-02 1.131641340425647080e+01 6.418035537006494096e+00 8.898119374580956142e-01 -5.972937182688173863e-01
1.570000000000000107e+01 3.073924595075055333e+00 -1.551812342630143116e+00 3.302753447952044841e-02 2.957450336411640915e-02 1.140430161969978684e+01 6.357249370520566600e+00 8.678898620819188725e-01 -6.182980134564667329e-01
1.580000000000000071e+01 3.077502155831788766e+00 -1.548593983578801625e+00 3.854027341534462664e-02 3.476109052675989408e-02 1.148999137667285453e+01 6.294375934315199927e+00 8.458389063386221318e-01 -6.390443621070406310e-01
1.590000000000000036e+01 3.081632649758124121e+00 -1.544860124524791045e+00 4.408719421379712899e-02 3.988575283575690467e-02 1.157346940096751275e+01 6.229440498099157786e+00 8.236512231448120946e-01 -6.595430113430287289e-01
1.600000000000000000e+01 3.086319594674547862e+00 -1.540616833011650089e+00 4.967032215779730586e-02 4.495092961508703744e-02 1.165472162130181744e+01 6.162467332046594137e+00 8.013187113688113872e-01 -6.798037184603492600e-01
1.610000000000000142e+01 3.091566714189683207e+00 -1.535869938601773566e+00 5.529174957961949244e-02 4.995894429004187759e-02 1.173373314324127570e+01 6.093479754407087334e+00 7.788330016815225854e-01 -6.998357771601686483e-01
1.619999999999999929e+01 3.097377944590471444e+00 -1.530625044153641534e+00 6.095363973963609933e-02 5.491201035490343718e-02 1.181048822163812240e+01 6.022500176614559386e+00 7.561854410414561301e-01 -7.196480414196149145e-01
1.630000000000000071e+01 3.103757442137610401e+00 -1.524887536530792564e+00 6.665823106076623761e-02 5.981223678771701441e-02 1.188497023144956621e+01 5.949550146123163685e+00 7.333670757569356047e-01 -7.392489471508691956e-01
1.640000000000000213e+01 3.110709590802624547e+00 -1.518662596796098052e+00 7.240784173634884358e-02 6.466163294425569807e-02 1.195716163678950927e+01 5.874650387184385814e+00 7.103686330546051808e-01 -7.586465317770239025e-01
1.650000000000000000e+01 3.118239010484880058e+00 -1.511955209941941547e+00 7.820487473273579626e-02 6.946211295834904542e-02 1.202704395806048687e+01 5.797820839767759971e+00 6.871805010690573701e-01 -7.778484518333972364e-01
1.660000000000000142e+01 3.126350565749171473e+00 -1.504770174204428157e+00 8.405182321163623405e-02 7.421549967109737633e-02 1.209459773700332086e+01 5.719080696817706588e+00 6.637927071534556189e-01 -7.968619986843905600e-01
1.669999999999999929e+01 3.135049375127207050e+00 -1.497112110007721819e+00 8.995127640119712775e-02 7.892352810704476862e-02 1.215980249949117820e+01 5.638448440030881414e+00 6.401948943952120441e-01 -8.156941124281801292e-01
1.680000000000000071e+01 3.144340821029411259e+00 -1.488985468583019056e+00 9.590592594903568635e-02 8.358784851106978997e-02 1.222263671588236278e+01 5.555941874332070540e+00 6.163762962038578097e-01 -8.343513940442802701e-01
1.690000000000000213e+01 3.154230560317014653e+00 -1.480394540305507656e+00 1.019185727950129433e-01 8.821002895550623946e-02 1.228307775873194885e+01 5.471578161222025116e+00 5.923257088199488374e-01 -8.528401158220261236e-01
1.700000000000000000e+01 3.164724535588414156e+00 -1.471343462791917522e+00 1.079921346065226551e-01 9.279155752275941582e-02 1.234110185764635226e+01 5.385373851167664760e+00 5.680314615739099349e-01 -8.711662300910387735e-01
1.710000000000000142e+01 3.175828987238319190e+00 -1.461836228800955650e+00 1.141296538245445830e-01 9.733384406436679237e-02 1.239668405104673177e+01 5.297344915203817450e+00 5.434813847018222788e-01 -8.893353762574682797e-01
1.719999999999999929e+01 3.187550466353322953e+00 -1.451876693979044175e+00 1.203343063747607800e-01 1.018382215329932672e-01 1.244979813458671636e+01 5.207506775916171726e+00 5.186627745009575463e-01 -9.073528861319741790e-01
1.730000000000000071e+01 3.199895848513271357e+00 -1.441468584494357108e+00 1.266094111047555981e-01 1.063059468791705403e-01 1.250041660594692239e+01 5.115874337977422748e+00 4.935623555809782737e-01 -9.252237875166833270e-01
1.740000000000000213e+01 3.212872348574274284e+00 -1.430615504603210075e+00 1.329584400158238811e-01 1.107382014996030478e-01 1.254851060570291033e+01 5.022462018412834794e+00 4.681662399367051419e-01 -9.429528059984133570e-01
1.750000000000000000e+01 3.226487536516436272e+00 -1.419320944194436329e+00 1.393850293663237150e-01 1.151360912184713897e-01 1.259404985393426202e+01 4.927283776777739988e+00 4.424598825347058062e-01 -9.605443648738867246e-01
1.760000000000000142e+01 3.240749354447538977e+00 -1.407588286359515717e+00 1.458929917329740700e-01 1.195006457772610914e-01 1.263700258220985084e+01 4.830353145438056828e+00 4.164280330681043307e-01 -9.780025831090455313e-01
1.769999999999999929e+01 3.255666134863031136e+00 -1.395420815038983964e+00 1.524863291271817411e-01 1.238328178021031734e-01 1.267733546054788185e+01 4.731683260155929993e+00 3.900546834912736460e-01 -9.953312712084139147e-01
1.780000000000000071e+01 3.271246620272975303e+00 -1.382821722799094877e+00 1.591692472755787957e-01 1.281334812102899456e-01 1.271501351890810660e+01 4.631286891196373823e+00 3.633230108976854833e-01 -1.012533924841160893e+00
1.790000000000000213e+01 3.287499984318146939e+00 -1.369794118796925808e+00 1.659461711876893397e-01 1.324034290093532851e-01 1.275000006272741970e+01 4.529176475187697726e+00 3.362153152492433628e-01 -1.029613716037414139e+00
1.800000000000000000e+01 3.304435854510513249e+00 -1.356341036997224192e+00 1.728217621492853795e-01 1.366433704326648069e-01 1.278225658195795411e+01 4.425364147988891439e+00 3.087129514028592592e-01 -1.046573481730660227e+00
1.810000000000000142e+01 3.322064336748004276e+00 -1.342465444710392974e+00 1.798009362978472137e-01 1.408539273446977047e-01 1.281174265300799142e+01 4.319861778841566746e+00 2.807962548086119225e-01 -1.063415709378791707e+00
1.819999999999999929e+01 3.340396041770083091e+00 -1.328170251528284718e+00 1.868888849569793620e-01 1.450356298365959029e-01 1.283841583291967758e+01 4.212681006113133897e+00 2.524444601720832737e-01 -1.080142519346384500e+00
1.830000000000000071e+01 3.359442113739400160e+00 -1.313458318743073727e+00 1.940910969300789768e-01 1.491889109181848694e-01 1.286223154504240895e+01 4.103833274972290113e+00 2.236356122796848700e-01 -1.096755643672740366e+00
1.840000000000000213e+01 3.379214261156098686e+00 -1.298332469344647633e+00 2.014133829805207776e-01 1.533141001956165317e-01 1.288314295537561627e+01 3.993329877378585913e+00 1.943464680779176668e-01 -1.113256400782467015e+00
1.850000000000000000e+01 3.399724790335504121e+00 -1.282795498703950487e+00 2.088619027567175657e-01 1.574114164039699393e-01 1.290110083865799417e+01 3.881181994815797065e+00 1.645523889731305145e-01 -1.129645665615880645e+00
1.860000000000000142e+01 3.420986641707441933e+00 -1.266850186063853689e+00 2.164431944563581511e-01 1.614809586407178754e-01 1.291605343317024257e+01 3.767400744255410050e+00 1.342272221745681449e-01 -1.145923834562872390e+00
1.869999999999999929e+01 3.443013429226776001e+00 -1.250499306975806801e+00 2.241642075657797328e-01 1.655226961182739154e-01 1.292794628309290772e+01 3.651997227903222676e+00 1.033431697368817626e-01 -1.162090784473096550e+00
1.880000000000000071e+01 3.465819483220597963e+00 -1.233745646840198829e+00 2.320323390588299173e-01 1.695364562209390746e-01 1.293672206711761952e+01 3.534982587360790962e+00 7.187064376468108029e-02 -1.178145824883757076e+00
1.890000000000000213e+01 3.489419897038541940e+00 -1.216592015731618792e+00 2.400554734959568781e-01 1.735219106123449262e-01 1.294232041184584503e+01 3.416368062926471438e+00 3.977810601617320224e-02 -1.194087642449380482e+00
1.900000000000000000e+01 3.513830577919789366e+00 -1.199041264717729760e+00 2.482420275301304435e-01 1.774785590925447576e-01 1.294467768832085497e+01 3.296165058870915043e+00 7.031889879478919747e-03 -1.209914236370179808e+00
1.910000000000000142e+01 3.539068302544567945e+00 -1.181096303913109935e+00 2.566009994033487951e-01 1.814057108475017610e-01 1.294372678982174207e+01 3.174385215652435477e+00 -2.640399761339456280e-02 -1.225622843390007821e+00
1.920000000000000284e+01 3.565150777800459192e+00 -1.162760122548229358e+00 2.651420241081218210e-01 1.853024626656989138e-01 1.293939688879817673e+01 3.051040490192913346e+00 -6.056809643248655534e-02 -1.241209850662796432e+00
1.930000000000000071e+01 3.592096707366192465e+00 -1.144035811379970013e+00 2.738754349951086353e-01 1.891676736142362536e-01 1.293161317053524328e+01 2.926143245519876146e+00 -9.550173998043375023e-02 -1.256670694456945903e+00
1.940000000000000213e+01 3.619925864799481197e+00 -1.124926587825382018e+00 2.828123327342873528e-01 1.929999355666708050e-01 1.292029654080208800e+01 2.799706351301524343e+00 -1.312493309371486894e-01 -1.271999742266684219e+00
1.950000000000000000e+01 3.648659173913050058e+00 -1.105435824266635780e+00 2.919646626866396200e-01 1.967975388526740921e-01 1.290536330434781220e+01 2.671743297066539569e+00 -1.678586507465577027e-01 -1.287190155410697256e+00
1.960000000000000142e+01 3.678318797336808998e+00 -1.085567080054847144e+00 3.013453019212556927e-01 2.005584321498403155e-01 1.288672481065277609e+01 2.542268320219385203e+00 -2.053812076850220769e-01 -1.302233728599362150e+00
1.970000000000000284e+01 3.708928234297300897e+00 -1.065324137836667795e+00 3.109681573250679398e-01 2.042801755536642339e-01 1.286428706281080814e+01 2.411296551346667538e+00 -2.438726293002710377e-01 -1.317120702214657824e+00
1.980000000000000071e+01 3.740512428801822331e+00 -1.044711044944114375e+00 3.208482765066054121e-01 2.079598855338203600e-01 1.283795028479272204e+01 2.278844179776453593e+00 -2.833931060264208712e-01 -1.331839542135282217e+00
0.000000000000000000e+00 0.000000000000000000e+00 0.000000000000000000e+00 0.000000000000000000e+00 0.000000000000000000e+00 0.000000000000000000e+00 0.000000000000000000e+00 0.000000000000000000e+00 0.000000000000000000e+00
